

 ****************************************************************************************************

   dynamic memory management initialization  

   max no. levels         15   max no. arrays        200   maximum scratch storage     900000   total storage provided  900000
     addr(maplev)          0     addr(maplws)          0     addr(scratch storage)          1

 ****************************************************************************************************
  wopen call on unit    1  blocks:    10   status:     0
  wopen call on unit    2  blocks:    10   status:     0
  wopen call on unit    3  blocks:    10   status:     0
1


 *****************************************************************************
 *                                                                           *
 *                     a502 - pan-air technology program                     *
 *                                                                           *
 *               potential flow about arbitrary configurations               *
 *               version id = ht2 (12 feb 92) boeing ver i00                 *
 *                                                                           *
 *                                   02/12/92                                *
 *                                                                           *
 *                                                                           *
 * hull and keel, type 18 wake                                                     
 * jan. 4, 1991                                                                    
 *                                                                           *
 *                                                                           *
 *                                                                           *
 *****************************************************************************
1
0*b*input-da






                        - list of a502 input data cards -
     1 $title                                                                sec 5.1   
     2 hull and keel, type 18 wake                                                     
     3 jan. 4, 1991                                                                    
     4 $datacheck                                                                      
     5  0.                                                                             
     6 $symmetric flow                                                       sec 5.3   
     7 =xzpln    xypln                                                                 
     8  1.0       0.0                                                                  
     9 $mach number                                                          sec 5.4   
    10 =amach                                                                          
    11 0.                                                                              
    12 $cases - no. of solutions                                             sec 5.4   
    13 =nacase                                                                         
    14 1.                                                                              
    15 $angles-of-attack                                                     sec 5.4   
    16 =alpc                                                                           
    17 0.                                                                              
    18 =alpha(1) alpha(2)  alpha(3)  alpha(4)                                          
    19 6.        2.        4.        0.                                                
    20 $reference data for 3-d forces and moments                            sec 5.5   
    21 =xref     yref      zref                                                        
    22 0.        0.        0.                                                          
    23 =sref     bref      cref      dref                                              
    24 200.      20.       10.       20.                                               
    25 $printout options                                                     sec 5.7   
    26 =isings   igeomp    isingp    icontp    ibconp    iedgep                        
    27 2.        0.        0.        0.        0.        0.                            
    28 =ipraic   nexdgn    ioutpr    ifmcpr    icostp                                  
    29 0.        0.        0.        0.        0.                                      
    30 $eat                                                                            
    31 .000002                                                                         
    32 $flow-fields                                                                    
    33 0.0       0.0                                                                   
    34 $streamlines                                                                    
    35 1.0                                                                             
    36 11.       1.        5.        100.      6.        .01                           
    37 10000.    0.0       0.0       1.                                                
    38  30.0      4.8       0.01     100.      20.       20.                           
    39 1.                                                                              
    40  30.3      5.5       0.01     100.      20.       20.                           
    41 1.                                                                              
    42  30.6      6.0       0.01     100.      20.       20.                           
    43 1.                                                                              
    44  30.9      6.5       0.01     100.      20.       20.                           
    45 1.                                                                              
    46  31.2      7.0       0.01     100.      20.       20.                           
    47 1.                                                                              
    48  31.5      7.5       0.01     100.      20.       20.                           
    49 1.                                                                              
    50  31.8      8.0       0.01     100.      20.       20.                           
    51 1.                                                                              
    52  32.1      8.5       0.01     100.      20.       20.                           
    53 1.                                                                              
    54  32.4      9.0       0.01     100.      20.       20.                           
    55 1.                                                                              
    56  32.7      9.5       0.01     100.      20.       20.                           
    57 1.                                                                              
    58  33.0     10.0       0.01     100.      20.       20.                           
    59 1.                                                                              
    60 $points - defines network geometry and boundary conditions            sec 5.9   
    61 =kn                                               cpnorm                        
    62 2.                                                2.0                           
    63 =kt                                                                             
    64 1.                                                                              
    65 =nm       nn                                                          netname   
    66 =x(1,1)   y(1,1)    z(1,1)    x(*,*)    y(*,*)    z(*,*)                        
    67        51.        7.                                                  ab1       
    68   0.000000  0.000000  0.000000  1.000000  0.000000 -0.392000                    
    69   2.000000  0.000000 -0.768000  3.000000  0.000000 -1.128000                    
    70   4.000000  0.000000 -1.472000  5.000000  0.000000 -1.800000                    
    71   6.000000  0.000000 -2.112000  7.000000  0.000000 -2.408000                    
    72   8.000000  0.000000 -2.688000  9.000000  0.000000 -2.952000                    
    73  10.000000  0.000000 -3.200000 11.000000  0.000000 -3.432000                    
    74  12.000000  0.000000 -3.648000 13.000000  0.000000 -3.848000                    
    75  14.000000  0.000000 -4.032000 15.000000  0.000000 -4.200000                    
    76  16.000000  0.000000 -4.352000 17.000000  0.000000 -4.488000                    
    77  18.000000  0.000000 -4.608000 19.000000  0.000000 -4.712000                    
    78  20.000000  0.000000 -4.800000 21.000000  0.000000 -4.872000                    
    79  22.000000  0.000000 -4.928000 23.000000  0.000000 -4.968000                    
    80  24.000000  0.000000 -4.992000 25.000000  0.000000 -5.000000                    
    81  26.000000  0.000000 -4.992000 27.000000  0.000000 -4.968000                    
    82  28.000000  0.000000 -4.928000 29.000000  0.000000 -4.872000                    
    83  30.000000  0.000000 -4.800000 31.000000  0.000000 -4.712000                    
    84  32.000000  0.000000 -4.608000 33.000000  0.000000 -4.488000                    
    85  34.000000  0.000000 -4.352000 35.000000  0.000000 -4.200000                    
    86  36.000000  0.000000 -4.032000 37.000000  0.000000 -3.848000                    
    87  38.000000  0.000000 -3.648000 39.000000  0.000000 -3.432000                    
    88  40.000000  0.000000 -3.200000 41.000000  0.000000 -2.952000                    
    89  42.000000  0.000000 -2.688000 43.000000  0.000000 -2.408000                    
    90  44.000000  0.000000 -2.112000 45.000000  0.000000 -1.800000                    
    91  46.000000  0.000000 -1.472000 47.000000  0.000000 -1.128000                    
    92  48.000000  0.000000 -0.768000 49.000000  0.000000 -0.392000                    
    93  50.000000  0.000000  0.000000                                                  
    94   0.000000  0.000000  0.000000  1.000000  0.101457 -0.378643                    
    95   2.000000  0.198773 -0.741831  3.000000  0.291948 -1.089564                    
    96   4.000000  0.380982 -1.421843  5.000000  0.465874 -1.738666                    
    97   6.000000  0.546626 -2.040035  7.000000  0.623236 -2.325949                    
    98   8.000000  0.695706 -2.596409  9.000000  0.764034 -2.851413                    
    99  10.000000  0.828221 -3.090963 11.000000  0.888267 -3.315058                    
   100  12.000000  0.944172 -3.523697 13.000000  0.995936 -3.716882                    
   101  14.000000  1.043558 -3.894613 15.000000  1.087040 -4.056888                    
   102  16.000000  1.126381 -4.203710 17.000000  1.161580 -4.335075                    
   103  18.000000  1.192638 -4.450986 19.000000  1.219555 -4.551442                    
   104  20.000000  1.242332 -4.636444 21.000000  1.260966 -4.705991                    
   105  22.000000  1.275460 -4.760082 23.000000  1.285813 -4.798719                    
   106  24.000000  1.292025 -4.821902 25.000000  1.294095 -4.829629                    
   107  26.000000  1.292025 -4.821902 27.000000  1.285813 -4.798719                    
   108  28.000000  1.275460 -4.760082 29.000000  1.260966 -4.705991                    
   109  30.000000  1.242332 -4.636444 31.000000  1.219555 -4.551442                    
   110  32.000000  1.192638 -4.450986 33.000000  1.161580 -4.335075                    
   111  34.000000  1.126381 -4.203710 35.000000  1.087040 -4.056888                    
   112  36.000000  1.043558 -3.894613 37.000000  0.995936 -3.716882                    
   113  38.000000  0.944172 -3.523697 39.000000  0.888267 -3.315058                    
   114  40.000000  0.828221 -3.090963 41.000000  0.764034 -2.851413                    
   115  42.000000  0.695706 -2.596409 43.000000  0.623236 -2.325949                    
   116  44.000000  0.546626 -2.040035 45.000000  0.465874 -1.738666                    
   117  46.000000  0.380982 -1.421843 47.000000  0.291948 -1.089564                    
   118  48.000000  0.198773 -0.741831 49.000000  0.101457 -0.378643                    
   119  50.000000  0.000000  0.000000                                                  
   120   0.000000  0.000000  0.000000  1.000000  0.196000 -0.339482                    
   121   2.000000  0.384000 -0.665108  3.000000  0.564000 -0.976877                    
   122   4.000000  0.736000 -1.274789  5.000000  0.900000 -1.558846                    
   123   6.000000  1.056000 -1.829046  7.000000  1.204000 -2.085389                    
   124   8.000000  1.344000 -2.327876  9.000000  1.476000 -2.556507                    
   125  10.000000  1.600000 -2.771281 11.000000  1.716000 -2.972199                    
   126  12.000000  1.824000 -3.159261 13.000000  1.924000 -3.332466                    
   127  14.000000  2.016000 -3.491814 15.000000  2.100000 -3.637306                    
   128  16.000000  2.176000 -3.768943 17.000000  2.244000 -3.886722                    
   129  18.000000  2.304000 -3.990645 19.000000  2.356000 -4.080711                    
   130  20.000000  2.400000 -4.156922 21.000000  2.436000 -4.219276                    
   131  22.000000  2.464000 -4.267773 23.000000  2.484000 -4.302414                    
   132  24.000000  2.496000 -4.323199 25.000000  2.500000 -4.330127                    
   133  26.000000  2.496000 -4.323199 27.000000  2.484000 -4.302414                    
   134  28.000000  2.464000 -4.267773 29.000000  2.436000 -4.219276                    
   135  30.000000  2.400000 -4.156922 31.000000  2.356000 -4.080711                    
   136  32.000000  2.304000 -3.990645 33.000000  2.244000 -3.886722                    
   137  34.000000  2.176000 -3.768943 35.000000  2.100000 -3.637306                    
   138  36.000000  2.016000 -3.491814 37.000000  1.924000 -3.332466                    
   139  38.000000  1.824000 -3.159261 39.000000  1.716000 -2.972199                    
   140  40.000000  1.600000 -2.771281 41.000000  1.476000 -2.556507                    
   141  42.000000  1.344000 -2.327876 43.000000  1.204000 -2.085389                    
   142  44.000000  1.056000 -1.829046 45.000000  0.900000 -1.558846                    
   143  46.000000  0.736000 -1.274789 47.000000  0.564000 -0.976877                    
   144  48.000000  0.384000 -0.665108 49.000000  0.196000 -0.339482                    
   145  50.000000  0.000000  0.000000                                                  
   146   0.000000  0.000000  0.000000  1.000000  0.277186 -0.277186                    
   147   2.000000  0.543058 -0.543058  3.000000  0.797616 -0.797616                    
   148   4.000000  1.040861 -1.040861  5.000000  1.272792 -1.272792                    
   149   6.000000  1.493410 -1.493410  7.000000  1.702713 -1.702713                    
   150   8.000000  1.900703 -1.900703  9.000000  2.087379 -2.087379                    
   151  10.000000  2.262742 -2.262742 11.000000  2.426790 -2.426790                    
   152  12.000000  2.579525 -2.579525 13.000000  2.720947 -2.720947                    
   153  14.000000  2.851054 -2.851054 15.000000  2.969848 -2.969848                    
   154  16.000000  3.077329 -3.077329 17.000000  3.173495 -3.173495                    
   155  18.000000  3.258348 -3.258348 19.000000  3.331887 -3.331887                    
   156  20.000000  3.394113 -3.394113 21.000000  3.445024 -3.445024                    
   157  22.000000  3.484622 -3.484622 23.000000  3.512906 -3.512906                    
   158  24.000000  3.529877 -3.529877 25.000000  3.535534 -3.535534                    
   159  26.000000  3.529877 -3.529877 27.000000  3.512906 -3.512906                    
   160  28.000000  3.484622 -3.484622 29.000000  3.445024 -3.445024                    
   161  30.000000  3.394113 -3.394113 31.000000  3.331887 -3.331887                    
   162  32.000000  3.258348 -3.258348 33.000000  3.173495 -3.173495                    
   163  34.000000  3.077329 -3.077329 35.000000  2.969848 -2.969848                    
   164  36.000000  2.851054 -2.851054 37.000000  2.720947 -2.720947                    
   165  38.000000  2.579525 -2.579525 39.000000  2.426790 -2.426790                    
   166  40.000000  2.262742 -2.262742 41.000000  2.087379 -2.087379                    
   167  42.000000  1.900703 -1.900703 43.000000  1.702713 -1.702713                    
   168  44.000000  1.493410 -1.493410 45.000000  1.272792 -1.272792                    
   169  46.000000  1.040861 -1.040861 47.000000  0.797616 -0.797616                    
   170  48.000000  0.543058 -0.543058 49.000000  0.277186 -0.277186                    
   171  50.000000  0.000000  0.000000                                                  
   172   0.000000  0.000000  0.000000  1.000000  0.339482 -0.196000                    
   173   2.000000  0.665108 -0.384000  3.000000  0.976877 -0.564000                    
   174   4.000000  1.274789 -0.736000  5.000000  1.558846 -0.900000                    
   175   6.000000  1.829046 -1.056000  7.000000  2.085389 -1.204000                    
   176   8.000000  2.327876 -1.344000  9.000000  2.556507 -1.476000                    
   177  10.000000  2.771281 -1.600000 11.000000  2.972199 -1.716000                    
   178  12.000000  3.159261 -1.824000 13.000000  3.332466 -1.924000                    
   179  14.000000  3.491815 -2.016000 15.000000  3.637307 -2.100000                    
   180  16.000000  3.768943 -2.176000 17.000000  3.886722 -2.244000                    
   181  18.000000  3.990645 -2.304000 19.000000  4.080712 -2.356000                    
   182  20.000000  4.156922 -2.400000 21.000000  4.219276 -2.436000                    
   183  22.000000  4.267773 -2.464000 23.000000  4.302414 -2.484000                    
   184  24.000000  4.323199 -2.496000 25.000000  4.330127 -2.500000                    
   185  26.000000  4.323199 -2.496000 27.000000  4.302414 -2.484000                    
   186  28.000000  4.267773 -2.464000 29.000000  4.219276 -2.436000                    
   187  30.000000  4.156922 -2.400000 31.000000  4.080712 -2.356000                    
   188  32.000000  3.990645 -2.304000 33.000000  3.886722 -2.244000                    
   189  34.000000  3.768943 -2.176000 35.000000  3.637307 -2.100000                    
   190  36.000000  3.491815 -2.016000 37.000000  3.332466 -1.924000                    
   191  38.000000  3.159261 -1.824000 39.000000  2.972199 -1.716000                    
   192  40.000000  2.771281 -1.600000 41.000000  2.556507 -1.476000                    
   193  42.000000  2.327876 -1.344000 43.000000  2.085389 -1.204000                    
   194  44.000000  1.829046 -1.056000 45.000000  1.558846 -0.900000                    
   195  46.000000  1.274789 -0.736000 47.000000  0.976877 -0.564000                    
   196  48.000000  0.665108 -0.384000 49.000000  0.339482 -0.196000                    
   197  50.000000  0.000000  0.000000                                                  
   198   0.000000  0.000000  0.000000  1.000000  0.378643 -0.101457                    
   199   2.000000  0.741831 -0.198773  3.000000  1.089564 -0.291948                    
   200   4.000000  1.421843 -0.380981  5.000000  1.738667 -0.465874                    
   201   6.000000  2.040035 -0.546626  7.000000  2.325949 -0.623236                    
   202   8.000000  2.596409 -0.695705  9.000000  2.851413 -0.764034                    
   203  10.000000  3.090963 -0.828221 11.000000  3.315058 -0.888267                    
   204  12.000000  3.523698 -0.944172 13.000000  3.716883 -0.995935                    
   205  14.000000  3.894613 -1.043558 15.000000  4.056889 -1.087040                    
   206  16.000000  4.203710 -1.126380 17.000000  4.335075 -1.161579                    
   207  18.000000  4.450986 -1.192638 19.000000  4.551443 -1.219555                    
   208  20.000000  4.636445 -1.242331 21.000000  4.705991 -1.260966                    
   209  22.000000  4.760083 -1.275460 23.000000  4.798720 -1.285812                    
   210  24.000000  4.821902 -1.292024 25.000000  4.829629 -1.294095                    
   211  26.000000  4.821902 -1.292024 27.000000  4.798720 -1.285812                    
   212  28.000000  4.760083 -1.275460 29.000000  4.705991 -1.260966                    
   213  30.000000  4.636445 -1.242331 31.000000  4.551443 -1.219555                    
   214  32.000000  4.450986 -1.192638 33.000000  4.335075 -1.161579                    
   215  34.000000  4.203710 -1.126380 35.000000  4.056889 -1.087040                    
   216  36.000000  3.894613 -1.043558 37.000000  3.716883 -0.995935                    
   217  38.000000  3.523698 -0.944172 39.000000  3.315058 -0.888267                    
   218  40.000000  3.090963 -0.828221 41.000000  2.851413 -0.764034                    
   219  42.000000  2.596409 -0.695705 43.000000  2.325949 -0.623236                    
   220  44.000000  2.040035 -0.546626 45.000000  1.738667 -0.465874                    
   221  46.000000  1.421843 -0.380981 47.000000  1.089564 -0.291948                    
   222  48.000000  0.741831 -0.198773 49.000000  0.378643 -0.101457                    
   223  50.000000  0.000000  0.000000                                                  
   224   0.000000  0.000000  0.000000  1.000000  0.392000  0.000000                    
   225   2.000000  0.768000  0.000000  3.000000  1.128000  0.000000                    
   226   4.000000  1.472000  0.000000  5.000000  1.800000  0.000000                    
   227   6.000000  2.112000  0.000000  7.000000  2.408000  0.000000                    
   228   8.000000  2.688000  0.000000  9.000000  2.952000  0.000000                    
   229  10.000000  3.200000  0.000000 11.000000  3.432000  0.000000                    
   230  12.000000  3.648000  0.000000 13.000000  3.848000  0.000000                    
   231  14.000000  4.032000  0.000000 15.000000  4.200000  0.000000                    
   232  16.000000  4.352000  0.000000 17.000000  4.488000  0.000000                    
   233  18.000000  4.608000  0.000000 19.000000  4.712000  0.000000                    
   234  20.000000  4.800000  0.000000 21.000000  4.872000  0.000000                    
   235  22.000000  4.928000  0.000000 23.000000  4.968000  0.000000                    
   236  24.000000  4.992000  0.000000 25.000000  5.000000  0.000000                    
   237  26.000000  4.992000  0.000000 27.000000  4.968000  0.000000                    
   238  28.000000  4.928000  0.000000 29.000000  4.872000  0.000000                    
   239  30.000000  4.800000  0.000000 31.000000  4.712000  0.000000                    
   240  32.000000  4.608000  0.000000 33.000000  4.488000  0.000000                    
   241  34.000000  4.352000  0.000000 35.000000  4.200000  0.000000                    
   242  36.000000  4.032000  0.000000 37.000000  3.848000  0.000000                    
   243  38.000000  3.648000  0.000000 39.000000  3.432000  0.000000                    
   244  40.000000  3.200000  0.000000 41.000000  2.952000  0.000000                    
   245  42.000000  2.688000  0.000000 43.000000  2.408000  0.000000                    
   246  44.000000  2.112000  0.000000 45.000000  1.800000  0.000000                    
   247  46.000000  1.472000  0.000000 47.000000  1.128000  0.000000                    
   248  48.000000  0.768000  0.000000 49.000000  0.392000  0.000000                    
   249  50.000000  0.000000  0.000000                                                  
   250        51.        7.                                                  ab2       
   251   0.000000  0.000000  0.000000  1.000000  0.392000  0.000000                    
   252   2.000000  0.768000  0.000000  3.000000  1.128000  0.000000                    
   253   4.000000  1.472000  0.000000  5.000000  1.800000  0.000000                    
   254   6.000000  2.112000  0.000000  7.000000  2.408000  0.000000                    
   255   8.000000  2.688000  0.000000  9.000000  2.952000  0.000000                    
   256  10.000000  3.200000  0.000000 11.000000  3.432000  0.000000                    
   257  12.000000  3.648000  0.000000 13.000000  3.848000  0.000000                    
   258  14.000000  4.032000  0.000000 15.000000  4.200000  0.000000                    
   259  16.000000  4.352000  0.000000 17.000000  4.488000  0.000000                    
   260  18.000000  4.608000  0.000000 19.000000  4.712000  0.000000                    
   261  20.000000  4.800000  0.000000 21.000000  4.872000  0.000000                    
   262  22.000000  4.928000  0.000000 23.000000  4.968000  0.000000                    
   263  24.000000  4.992000  0.000000 25.000000  5.000000  0.000000                    
   264  26.000000  4.992000  0.000000 27.000000  4.968000  0.000000                    
   265  28.000000  4.928000  0.000000 29.000000  4.872000  0.000000                    
   266  30.000000  4.800000  0.000000 31.000000  4.712000  0.000000                    
   267  32.000000  4.608000  0.000000 33.000000  4.488000  0.000000                    
   268  34.000000  4.352000  0.000000 35.000000  4.200000  0.000000                    
   269  36.000000  4.032000  0.000000 37.000000  3.848000  0.000000                    
   270  38.000000  3.648000  0.000000 39.000000  3.432000  0.000000                    
   271  40.000000  3.200000  0.000000 41.000000  2.952000  0.000000                    
   272  42.000000  2.688000  0.000000 43.000000  2.408000  0.000000                    
   273  44.000000  2.112000  0.000000 45.000000  1.800000  0.000000                    
   274  46.000000  1.472000  0.000000 47.000000  1.128000  0.000000                    
   275  48.000000  0.768000  0.000000 49.000000  0.392000  0.000000                    
   276  50.000000  0.000000  0.000000                                                  
   277   0.000000  0.000000  0.000000  1.000000  0.378643  0.101457                    
   278   2.000000  0.741831  0.198773  3.000000  1.089564  0.291948                    
   279   4.000000  1.421843  0.380982  5.000000  1.738666  0.465874                    
   280   6.000000  2.040035  0.546626  7.000000  2.325949  0.623237                    
   281   8.000000  2.596409  0.695706  9.000000  2.851413  0.764034                    
   282  10.000000  3.090963  0.828221 11.000000  3.315058  0.888267                    
   283  12.000000  3.523697  0.944172 13.000000  3.716882  0.995936                    
   284  14.000000  3.894613  1.043559 15.000000  4.056888  1.087040                    
   285  16.000000  4.203710  1.126381 17.000000  4.335075  1.161580                    
   286  18.000000  4.450986  1.192639 19.000000  4.551442  1.219556                    
   287  20.000000  4.636444  1.242332 21.000000  4.705991  1.260967                    
   288  22.000000  4.760082  1.275461 23.000000  4.798719  1.285814                    
   289  24.000000  4.821902  1.292025 25.000000  4.829629  1.294096                    
   290  26.000000  4.821902  1.292025 27.000000  4.798719  1.285814                    
   291  28.000000  4.760082  1.275461 29.000000  4.705991  1.260967                    
   292  30.000000  4.636444  1.242332 31.000000  4.551442  1.219556                    
   293  32.000000  4.450986  1.192639 33.000000  4.335075  1.161580                    
   294  34.000000  4.203710  1.126381 35.000000  4.056888  1.087040                    
   295  36.000000  3.894613  1.043559 37.000000  3.716882  0.995936                    
   296  38.000000  3.523697  0.944172 39.000000  3.315058  0.888267                    
   297  40.000000  3.090963  0.828221 41.000000  2.851413  0.764034                    
   298  42.000000  2.596409  0.695706 43.000000  2.325949  0.623237                    
   299  44.000000  2.040035  0.546626 45.000000  1.738666  0.465874                    
   300  46.000000  1.421843  0.380982 47.000000  1.089564  0.291948                    
   301  48.000000  0.741831  0.198773 49.000000  0.378643  0.101457                    
   302  50.000000  0.000000  0.000000                                                  
   303   0.000000  0.000000  0.000000  1.000000  0.339482  0.196000                    
   304   2.000000  0.665108  0.384000  3.000000  0.976877  0.564000                    
   305   4.000000  1.274789  0.736000  5.000000  1.558846  0.900000                    
   306   6.000000  1.829046  1.056000  7.000000  2.085389  1.204000                    
   307   8.000000  2.327876  1.344000  9.000000  2.556507  1.476000                    
   308  10.000000  2.771281  1.600000 11.000000  2.972199  1.716000                    
   309  12.000000  3.159261  1.824000 13.000000  3.332466  1.924000                    
   310  14.000000  3.491814  2.016000 15.000000  3.637306  2.100000                    
   311  16.000000  3.768943  2.176000 17.000000  3.886722  2.244000                    
   312  18.000000  3.990645  2.304000 19.000000  4.080711  2.356000                    
   313  20.000000  4.156922  2.400000 21.000000  4.219276  2.436000                    
   314  22.000000  4.267773  2.464000 23.000000  4.302414  2.484000                    
   315  24.000000  4.323199  2.496000 25.000000  4.330127  2.500000                    
   316  26.000000  4.323199  2.496000 27.000000  4.302414  2.484000                    
   317  28.000000  4.267773  2.464000 29.000000  4.219276  2.436000                    
   318  30.000000  4.156922  2.400000 31.000000  4.080711  2.356000                    
   319  32.000000  3.990645  2.304000 33.000000  3.886722  2.244000                    
   320  34.000000  3.768943  2.176000 35.000000  3.637306  2.100000                    
   321  36.000000  3.491814  2.016000 37.000000  3.332466  1.924000                    
   322  38.000000  3.159261  1.824000 39.000000  2.972199  1.716000                    
   323  40.000000  2.771281  1.600000 41.000000  2.556507  1.476000                    
   324  42.000000  2.327876  1.344000 43.000000  2.085389  1.204000                    
   325  44.000000  1.829046  1.056000 45.000000  1.558846  0.900000                    
   326  46.000000  1.274789  0.736000 47.000000  0.976877  0.564000                    
   327  48.000000  0.665108  0.384000 49.000000  0.339482  0.196000                    
   328  50.000000  0.000000  0.000000                                                  
   329   0.000000  0.000000  0.000000  1.000000  0.277186  0.277186                    
   330   2.000000  0.543058  0.543058  3.000000  0.797616  0.797616                    
   331   4.000000  1.040861  1.040861  5.000000  1.272792  1.272792                    
   332   6.000000  1.493410  1.493410  7.000000  1.702713  1.702713                    
   333   8.000000  1.900703  1.900703  9.000000  2.087379  2.087379                    
   334  10.000000  2.262742  2.262742 11.000000  2.426790  2.426790                    
   335  12.000000  2.579525  2.579525 13.000000  2.720947  2.720947                    
   336  14.000000  2.851054  2.851054 15.000000  2.969848  2.969848                    
   337  16.000000  3.077329  3.077329 17.000000  3.173495  3.173495                    
   338  18.000000  3.258348  3.258348 19.000000  3.331887  3.331887                    
   339  20.000000  3.394113  3.394113 21.000000  3.445024  3.445024                    
   340  22.000000  3.484622  3.484622 23.000000  3.512906  3.512906                    
   341  24.000000  3.529877  3.529877 25.000000  3.535534  3.535534                    
   342  26.000000  3.529877  3.529877 27.000000  3.512906  3.512906                    
   343  28.000000  3.484622  3.484622 29.000000  3.445024  3.445024                    
   344  30.000000  3.394113  3.394113 31.000000  3.331887  3.331887                    
   345  32.000000  3.258348  3.258348 33.000000  3.173495  3.173495                    
   346  34.000000  3.077329  3.077329 35.000000  2.969848  2.969848                    
   347  36.000000  2.851054  2.851054 37.000000  2.720947  2.720947                    
   348  38.000000  2.579525  2.579525 39.000000  2.426790  2.426790                    
   349  40.000000  2.262742  2.262742 41.000000  2.087379  2.087379                    
   350  42.000000  1.900703  1.900703 43.000000  1.702713  1.702713                    
   351  44.000000  1.493410  1.493410 45.000000  1.272792  1.272792                    
   352  46.000000  1.040861  1.040861 47.000000  0.797616  0.797616                    
   353  48.000000  0.543058  0.543058 49.000000  0.277186  0.277186                    
   354  50.000000  0.000000  0.000000                                                  
   355   0.000000  0.000000  0.000000  1.000000  0.196000  0.339482                    
   356   2.000000  0.384000  0.665108  3.000000  0.564000  0.976877                    
   357   4.000000  0.736000  1.274789  5.000000  0.900000  1.558846                    
   358   6.000000  1.056000  1.829046  7.000000  1.204000  2.085389                    
   359   8.000000  1.344000  2.327877  9.000000  1.475999  2.556507                    
   360  10.000000  1.600000  2.771282 11.000000  1.716000  2.972200                    
   361  12.000000  1.823999  3.159261 13.000000  1.923999  3.332466                    
   362  14.000000  2.015999  3.491815 15.000000  2.099999  3.637307                    
   363  16.000000  2.175999  3.768943 17.000000  2.243999  3.886722                    
   364  18.000000  2.303999  3.990645 19.000000  2.355999  4.080712                    
   365  20.000000  2.399999  4.156923 21.000000  2.435999  4.219276                    
   366  22.000000  2.463999  4.267774 23.000000  2.483999  4.302415                    
   367  24.000000  2.495999  4.323199 25.000000  2.499999  4.330128                    
   368  26.000000  2.495999  4.323199 27.000000  2.483999  4.302415                    
   369  28.000000  2.463999  4.267774 29.000000  2.435999  4.219276                    
   370  30.000000  2.399999  4.156923 31.000000  2.355999  4.080712                    
   371  32.000000  2.303999  3.990645 33.000000  2.243999  3.886722                    
   372  34.000000  2.175999  3.768943 35.000000  2.099999  3.637307                    
   373  36.000000  2.015999  3.491815 37.000000  1.923999  3.332466                    
   374  38.000000  1.823999  3.159261 39.000000  1.716000  2.972200                    
   375  40.000000  1.600000  2.771282 41.000000  1.475999  2.556507                    
   376  42.000000  1.344000  2.327877 43.000000  1.204000  2.085389                    
   377  44.000000  1.056000  1.829046 45.000000  0.900000  1.558846                    
   378  46.000000  0.736000  1.274789 47.000000  0.564000  0.976877                    
   379  48.000000  0.384000  0.665108 49.000000  0.196000  0.339482                    
   380  50.000000  0.000000  0.000000                                                  
   381   0.000000  0.000000  0.000000  1.000000  0.101457  0.378643                    
   382   2.000000  0.198773  0.741831  3.000000  0.291948  1.089564                    
   383   4.000000  0.380981  1.421843  5.000000  0.465874  1.738667                    
   384   6.000000  0.546626  2.040035  7.000000  0.623236  2.325949                    
   385   8.000000  0.695705  2.596409  9.000000  0.764033  2.851413                    
   386  10.000000  0.828221  3.090963 11.000000  0.888267  3.315058                    
   387  12.000000  0.944171  3.523698 13.000000  0.995935  3.716883                    
   388  14.000000  1.043558  3.894613 15.000000  1.087039  4.056889                    
   389  16.000000  1.126380  4.203710 17.000000  1.161579  4.335075                    
   390  18.000000  1.192638  4.450986 19.000000  1.219555  4.551443                    
   391  20.000000  1.242331  4.636445 21.000000  1.260966  4.705991                    
   392  22.000000  1.275460  4.760083 23.000000  1.285812  4.798720                    
   393  24.000000  1.292024  4.821902 25.000000  1.294095  4.829629                    
   394  26.000000  1.292024  4.821902 27.000000  1.285812  4.798720                    
   395  28.000000  1.275460  4.760083 29.000000  1.260966  4.705991                    
   396  30.000000  1.242331  4.636445 31.000000  1.219555  4.551443                    
   397  32.000000  1.192638  4.450986 33.000000  1.161579  4.335075                    
   398  34.000000  1.126380  4.203710 35.000000  1.087039  4.056889                    
   399  36.000000  1.043558  3.894613 37.000000  0.995935  3.716883                    
   400  38.000000  0.944171  3.523698 39.000000  0.888267  3.315058                    
   401  40.000000  0.828221  3.090963 41.000000  0.764033  2.851413                    
   402  42.000000  0.695705  2.596409 43.000000  0.623236  2.325949                    
   403  44.000000  0.546626  2.040035 45.000000  0.465874  1.738667                    
   404  46.000000  0.380981  1.421843 47.000000  0.291948  1.089564                    
   405  48.000000  0.198773  0.741831 49.000000  0.101457  0.378643                    
   406  50.000000  0.000000  0.000000                                                  
   407   0.000000  0.000000  0.000000  1.000000  0.000000  0.392000                    
   408   2.000000  0.000000  0.768000  3.000000  0.000000  1.128000                    
   409   4.000000  0.000000  1.472000  5.000000  0.000000  1.800000                    
   410   6.000000  0.000000  2.112000  7.000000  0.000000  2.408000                    
   411   8.000000  0.000000  2.688000  9.000000  0.000000  2.952000                    
   412  10.000000  0.000000  3.200000 11.000000  0.000000  3.432000                    
   413  12.000000  0.000000  3.648000 13.000000  0.000000  3.848000                    
   414  14.000000  0.000000  4.032000 15.000000  0.000000  4.200000                    
   415  16.000000  0.000000  4.352000 17.000000  0.000000  4.488000                    
   416  18.000000  0.000000  4.608000 19.000000  0.000000  4.712000                    
   417  20.000000  0.000000  4.800000 21.000000  0.000000  4.872000                    
   418  22.000000  0.000000  4.928000 23.000000  0.000000  4.968000                    
   419  24.000000  0.000000  4.992000 25.000000  0.000000  5.000000                    
   420  26.000000  0.000000  4.992000 27.000000  0.000000  4.968000                    
   421  28.000000  0.000000  4.928000 29.000000  0.000000  4.872000                    
   422  30.000000  0.000000  4.800000 31.000000  0.000000  4.712000                    
   423  32.000000  0.000000  4.608000 33.000000  0.000000  4.488000                    
   424  34.000000  0.000000  4.352000 35.000000  0.000000  4.200000                    
   425  36.000000  0.000000  4.032000 37.000000  0.000000  3.848000                    
   426  38.000000  0.000000  3.648000 39.000000  0.000000  3.432000                    
   427  40.000000  0.000000  3.200000 41.000000  0.000000  2.952000                    
   428  42.000000  0.000000  2.688000 43.000000  0.000000  2.408000                    
   429  44.000000  0.000000  2.112000 45.000000  0.000000  1.800000                    
   430  46.000000  0.000000  1.472000 47.000000  0.000000  1.128000                    
   431  48.000000  0.000000  0.768000 49.000000  0.000000  0.392000                    
