case
hull and keel, type 18 wake                                                     
jan. 4, 1991                                                                    
geom
    1.0000
sour
   15.0000
  51.00000   7.00000                                                  ab1       
    0.0000    0.0000    0.0000    1.0000    0.0000   -0.3920
    2.0000    0.0000   -0.7680    3.0000    0.0000   -1.1280
    4.0000    0.0000   -1.4720    5.0000    0.0000   -1.8000
    6.0000    0.0000   -2.1120    7.0000    0.0000   -2.4080
    8.0000    0.0000   -2.6880    9.0000    0.0000   -2.9520
   10.0000    0.0000   -3.2000   11.0000    0.0000   -3.4320
   12.0000    0.0000   -3.6480   13.0000    0.0000   -3.8480
   14.0000    0.0000   -4.0320   15.0000    0.0000   -4.2000
   16.0000    0.0000   -4.3520   17.0000    0.0000   -4.4880
   18.0000    0.0000   -4.6080   19.0000    0.0000   -4.7120
   20.0000    0.0000   -4.8000   21.0000    0.0000   -4.8720
   22.0000    0.0000   -4.9280   23.0000    0.0000   -4.9680
   24.0000    0.0000   -4.9920   25.0000    0.0000   -5.0000
   26.0000    0.0000   -4.9920   27.0000    0.0000   -4.9680
   28.0000    0.0000   -4.9280   29.0000    0.0000   -4.8720
   30.0000    0.0000   -4.8000   31.0000    0.0000   -4.7120
   32.0000    0.0000   -4.6080   33.0000    0.0000   -4.4880
   34.0000    0.0000   -4.3520   35.0000    0.0000   -4.2000
   36.0000    0.0000   -4.0320   37.0000    0.0000   -3.8480
   38.0000    0.0000   -3.6480   39.0000    0.0000   -3.4320
   40.0000    0.0000   -3.2000   41.0000    0.0000   -2.9520
   42.0000    0.0000   -2.6880   43.0000    0.0000   -2.4080
   44.0000    0.0000   -2.1120   45.0000    0.0000   -1.8000
   46.0000    0.0000   -1.4720   47.0000    0.0000   -1.1280
   48.0000    0.0000   -0.7680   49.0000    0.0000   -0.3920
   50.0000    0.0000    0.0000
    0.0000    0.0000    0.0000    1.0000    0.1015   -0.3786
    2.0000    0.1988   -0.7418    3.0000    0.2919   -1.0896
    4.0000    0.3810   -1.4218    5.0000    0.4659   -1.7387
    6.0000    0.5466   -2.0400    7.0000    0.6232   -2.3259
    8.0000    0.6957   -2.5964    9.0000    0.7640   -2.8514
   10.0000    0.8282   -3.0910   11.0000    0.8883   -3.3151
   12.0000    0.9442   -3.5237   13.0000    0.9959   -3.7169
   14.0000    1.0436   -3.8946   15.0000    1.0870   -4.0569
   16.0000    1.1264   -4.2037   17.0000    1.1616   -4.3351
   18.0000    1.1926   -4.4510   19.0000    1.2196   -4.5514
   20.0000    1.2423   -4.6364   21.0000    1.2610   -4.7060
   22.0000    1.2755   -4.7601   23.0000    1.2858   -4.7987
   24.0000    1.2920   -4.8219   25.0000    1.2941   -4.8296
   26.0000    1.2920   -4.8219   27.0000    1.2858   -4.7987
   28.0000    1.2755   -4.7601   29.0000    1.2610   -4.7060
   30.0000    1.2423   -4.6364   31.0000    1.2196   -4.5514
   32.0000    1.1926   -4.4510   33.0000    1.1616   -4.3351
   34.0000    1.1264   -4.2037   35.0000    1.0870   -4.0569
   36.0000    1.0436   -3.8946   37.0000    0.9959   -3.7169
   38.0000    0.9442   -3.5237   39.0000    0.8883   -3.3151
   40.0000    0.8282   -3.0910   41.0000    0.7640   -2.8514
   42.0000    0.6957   -2.5964   43.0000    0.6232   -2.3259
   44.0000    0.5466   -2.0400   45.0000    0.4659   -1.7387
   46.0000    0.3810   -1.4218   47.0000    0.2919   -1.0896
   48.0000    0.1988   -0.7418   49.0000    0.1015   -0.3786
   50.0000    0.0000    0.0000
    0.0000    0.0000    0.0000    1.0000    0.1960   -0.3395
    2.0000    0.3840   -0.6651    3.0000    0.5640   -0.9769
    4.0000    0.7360   -1.2748    5.0000    0.9000   -1.5588
    6.0000    1.0560   -1.8290    7.0000    1.2040   -2.0854
    8.0000    1.3440   -2.3279    9.0000    1.4760   -2.5565
   10.0000    1.6000   -2.7713   11.0000    1.7160   -2.9722
   12.0000    1.8240   -3.1593   13.0000    1.9240   -3.3325
   14.0000    2.0160   -3.4918   15.0000    2.1000   -3.6373
   16.0000    2.1760   -3.7689   17.0000    2.2440   -3.8867
   18.0000    2.3040   -3.9906   19.0000    2.3560   -4.0807
   20.0000    2.4000   -4.1569   21.0000    2.4360   -4.2193
   22.0000    2.4640   -4.2678   23.0000    2.4840   -4.3024
   24.0000    2.4960   -4.3232   25.0000    2.5000   -4.3301
   26.0000    2.4960   -4.3232   27.0000    2.4840   -4.3024
   28.0000    2.4640   -4.2678   29.0000    2.4360   -4.2193
   30.0000    2.4000   -4.1569   31.0000    2.3560   -4.0807
   32.0000    2.3040   -3.9906   33.0000    2.2440   -3.8867
   34.0000    2.1760   -3.7689   35.0000    2.1000   -3.6373
   36.0000    2.0160   -3.4918   37.0000    1.9240   -3.3325
   38.0000    1.8240   -3.1593   39.0000    1.7160   -2.9722
   40.0000    1.6000   -2.7713   41.0000    1.4760   -2.5565
   42.0000    1.3440   -2.3279   43.0000    1.2040   -2.0854
   44.0000    1.0560   -1.8290   45.0000    0.9000   -1.5588
   46.0000    0.7360   -1.2748   47.0000    0.5640   -0.9769
   48.0000    0.3840   -0.6651   49.0000    0.1960   -0.3395
   50.0000    0.0000    0.0000
    0.0000    0.0000    0.0000    1.0000    0.2772   -0.2772
    2.0000    0.5431   -0.5431    3.0000    0.7976   -0.7976
    4.0000    1.0409   -1.0409    5.0000    1.2728   -1.2728
    6.0000    1.4934   -1.4934    7.0000    1.7027   -1.7027
    8.0000    1.9007   -1.9007    9.0000    2.0874   -2.0874
   10.0000    2.2627   -2.2627   11.0000    2.4268   -2.4268
   12.0000    2.5795   -2.5795   13.0000    2.7209   -2.7209
   14.0000    2.8511   -2.8511   15.0000    2.9698   -2.9698
   16.0000    3.0773   -3.0773   17.0000    3.1735   -3.1735
   18.0000    3.2583   -3.2583   19.0000    3.3319   -3.3319
   20.0000    3.3941   -3.3941   21.0000    3.4450   -3.4450
   22.0000    3.4846   -3.4846   23.0000    3.5129   -3.5129
   24.0000    3.5299   -3.5299   25.0000    3.5355   -3.5355
   26.0000    3.5299   -3.5299   27.0000    3.5129   -3.5129
   28.0000    3.4846   -3.4846   29.0000    3.4450   -3.4450
   30.0000    3.3941   -3.3941   31.0000    3.3319   -3.3319
   32.0000    3.2583   -3.2583   33.0000    3.1735   -3.1735
   34.0000    3.0773   -3.0773   35.0000    2.9698   -2.9698
   36.0000    2.8511   -2.8511   37.0000    2.7209   -2.7209
   38.0000    2.5795   -2.5795   39.0000    2.4268   -2.4268
   40.0000    2.2627   -2.2627   41.0000    2.0874   -2.0874
   42.0000    1.9007   -1.9007   43.0000    1.7027   -1.7027
   44.0000    1.4934   -1.4934   45.0000    1.2728   -1.2728
   46.0000    1.0409   -1.0409   47.0000    0.7976   -0.7976
   48.0000    0.5431   -0.5431   49.0000    0.2772   -0.2772
   50.0000    0.0000    0.0000
    0.0000    0.0000    0.0000    1.0000    0.3395   -0.1960
    2.0000    0.6651   -0.3840    3.0000    0.9769   -0.5640
    4.0000    1.2748   -0.7360    5.0000    1.5588   -0.9000
    6.0000    1.8290   -1.0560    7.0000    2.0854   -1.2040
    8.0000    2.3279   -1.3440    9.0000    2.5565   -1.4760
   10.0000    2.7713   -1.6000   11.0000    2.9722   -1.7160
   12.0000    3.1593   -1.8240   13.0000    3.3325   -1.9240
   14.0000    3.4918   -2.0160   15.0000    3.6373   -2.1000
   16.0000    3.7689   -2.1760   17.0000    3.8867   -2.2440
   18.0000    3.9906   -2.3040   19.0000    4.0807   -2.3560
   20.0000    4.1569   -2.4000   21.0000    4.2193   -2.4360
   22.0000    4.2678   -2.4640   23.0000    4.3024   -2.4840
   24.0000    4.3232   -2.4960   25.0000    4.3301   -2.5000
   26.0000    4.3232   -2.4960   27.0000    4.3024   -2.4840
   28.0000    4.2678   -2.4640   29.0000    4.2193   -2.4360
   30.0000    4.1569   -2.4000   31.0000    4.0807   -2.3560
   32.0000    3.9906   -2.3040   33.0000    3.8867   -2.2440
   34.0000    3.7689   -2.1760   35.0000    3.6373   -2.1000
   36.0000    3.4918   -2.0160   37.0000    3.3325   -1.9240
   38.0000    3.1593   -1.8240   39.0000    2.9722   -1.7160
   40.0000    2.7713   -1.6000   41.0000    2.5565   -1.4760
   42.0000    2.3279   -1.3440   43.0000    2.0854   -1.2040
   44.0000    1.8290   -1.0560   45.0000    1.5588   -0.9000
   46.0000    1.2748   -0.7360   47.0000    0.9769   -0.5640
   48.0000    0.6651   -0.3840   49.0000    0.3395   -0.1960
   50.0000    0.0000    0.0000
    0.0000    0.0000    0.0000    1.0000    0.3786   -0.1015
    2.0000    0.7418   -0.1988    3.0000    1.0896   -0.2919
    4.0000    1.4218   -0.3810    5.0000    1.7387   -0.4659
    6.0000    2.0400   -0.5466    7.0000    2.3259   -0.6232
    8.0000    2.5964   -0.6957    9.0000    2.8514   -0.7640
   10.0000    3.0910   -0.8282   11.0000    3.3151   -0.8883
   12.0000    3.5237   -0.9442   13.0000    3.7169   -0.9959
   14.0000    3.8946   -1.0436   15.0000    4.0569   -1.0870
   16.0000    4.2037   -1.1264   17.0000    4.3351   -1.1616
   18.0000    4.4510   -1.1926   19.0000    4.5514   -1.2196
   20.0000    4.6364   -1.2423   21.0000    4.7060   -1.2610
   22.0000    4.7601   -1.2755   23.0000    4.7987   -1.2858
   24.0000    4.8219   -1.2920   25.0000    4.8296   -1.2941
   26.0000    4.8219   -1.2920   27.0000    4.7987   -1.2858
   28.0000    4.7601   -1.2755   29.0000    4.7060   -1.2610
   30.0000    4.6364   -1.2423   31.0000    4.5514   -1.2196
   32.0000    4.4510   -1.1926   33.0000    4.3351   -1.1616
   34.0000    4.2037   -1.1264   35.0000    4.0569   -1.0870
   36.0000    3.8946   -1.0436   37.0000    3.7169   -0.9959
   38.0000    3.5237   -0.9442   39.0000    3.3151   -0.8883
   40.0000    3.0910   -0.8282   41.0000    2.8514   -0.7640
   42.0000    2.5964   -0.6957   43.0000    2.3259   -0.6232
   44.0000    2.0400   -0.5466   45.0000    1.7387   -0.4659
   46.0000    1.4218   -0.3810   47.0000    1.0896   -0.2919
   48.0000    0.7418   -0.1988   49.0000    0.3786   -0.1015
   50.0000    0.0000    0.0000
    0.0000    0.0000    0.0000    1.0000    0.3920    0.0000
    2.0000    0.7680    0.0000    3.0000    1.1280    0.0000
    4.0000    1.4720    0.0000    5.0000    1.8000    0.0000
    6.0000    2.1120    0.0000    7.0000    2.4080    0.0000
    8.0000    2.6880    0.0000    9.0000    2.9520    0.0000
   10.0000    3.2000    0.0000   11.0000    3.4320    0.0000
   12.0000    3.6480    0.0000   13.0000    3.8480    0.0000
   14.0000    4.0320    0.0000   15.0000    4.2000    0.0000
   16.0000    4.3520    0.0000   17.0000    4.4880    0.0000
   18.0000    4.6080    0.0000   19.0000    4.7120    0.0000
   20.0000    4.8000    0.0000   21.0000    4.8720    0.0000
   22.0000    4.9280    0.0000   23.0000    4.9680    0.0000
   24.0000    4.9920    0.0000   25.0000    5.0000    0.0000
   26.0000    4.9920    0.0000   27.0000    4.9680    0.0000
   28.0000    4.9280    0.0000   29.0000    4.8720    0.0000
   30.0000    4.8000    0.0000   31.0000    4.7120    0.0000
   32.0000    4.6080    0.0000   33.0000    4.4880    0.0000
   34.0000    4.3520    0.0000   35.0000    4.2000    0.0000
   36.0000    4.0320    0.0000   37.0000    3.8480    0.0000
   38.0000    3.6480    0.0000   39.0000    3.4320    0.0000
   40.0000    3.2000    0.0000   41.0000    2.9520    0.0000
   42.0000    2.6880    0.0000   43.0000    2.4080    0.0000
   44.0000    2.1120    0.0000   45.0000    1.8000    0.0000
   46.0000    1.4720    0.0000   47.0000    1.1280    0.0000
   48.0000    0.7680    0.0000   49.0000    0.3920    0.0000
   50.0000    0.0000    0.0000
  51.00000   7.00000                                                  ab2       
    0.0000    0.0000    0.0000    1.0000    0.3920    0.0000
    2.0000    0.7680    0.0000    3.0000    1.1280    0.0000
    4.0000    1.4720    0.0000    5.0000    1.8000    0.0000
    6.0000    2.1120    0.0000    7.0000    2.4080    0.0000
    8.0000    2.6880    0.0000    9.0000    2.9520    0.0000
   10.0000    3.2000    0.0000   11.0000    3.4320    0.0000
   12.0000    3.6480    0.0000   13.0000    3.8480    0.0000
   14.0000    4.0320    0.0000   15.0000    4.2000    0.0000
   16.0000    4.3520    0.0000   17.0000    4.4880    0.0000
   18.0000    4.6080    0.0000   19.0000    4.7120    0.0000
   20.0000    4.8000    0.0000   21.0000    4.8720    0.0000
   22.0000    4.9280    0.0000   23.0000    4.9680    0.0000
   24.0000    4.9920    0.0000   25.0000    5.0000    0.0000
   26.0000    4.9920    0.0000   27.0000    4.9680    0.0000
   28.0000    4.9280    0.0000   29.0000    4.8720    0.0000
   30.0000    4.8000    0.0000   31.0000    4.7120    0.0000
   32.0000    4.6080    0.0000   33.0000    4.4880    0.0000
   34.0000    4.3520    0.0000   35.0000    4.2000    0.0000
   36.0000    4.0320    0.0000   37.0000    3.8480    0.0000
   38.0000    3.6480    0.0000   39.0000    3.4320    0.0000
   40.0000    3.2000    0.0000   41.0000    2.9520    0.0000
   42.0000    2.6880    0.0000   43.0000    2.4080    0.0000
   44.0000    2.1120    0.0000   45.0000    1.8000    0.0000
   46.0000    1.4720    0.0000   47.0000    1.1280    0.0000
   48.0000    0.7680    0.0000   49.0000    0.3920    0.0000
   50.0000    0.0000    0.0000
    0.0000    0.0000    0.0000    1.0000    0.3786    0.1015
    2.0000    0.7418    0.1988    3.0000    1.0896    0.2919
    4.0000    1.4218    0.3810    5.0000    1.7387    0.4659
    6.0000    2.0400    0.5466    7.0000    2.3259    0.6232
    8.0000    2.5964    0.6957    9.0000    2.8514    0.7640
   10.0000    3.0910    0.8282   11.0000    3.3151    0.8883
   12.0000    3.5237    0.9442   13.0000    3.7169    0.9959
   14.0000    3.8946    1.0436   15.0000    4.0569    1.0870
   16.0000    4.2037    1.1264   17.0000    4.3351    1.1616
   18.0000    4.4510    1.1926   19.0000    4.5514    1.2196
   20.0000    4.6364    1.2423   21.0000    4.7060    1.2610
   22.0000    4.7601    1.2755   23.0000    4.7987    1.2858
   24.0000    4.8219    1.2920   25.0000    4.8296    1.2941
   26.0000    4.8219    1.2920   27.0000    4.7987    1.2858
   28.0000    4.7601    1.2755   29.0000    4.7060    1.2610
   30.0000    4.6364    1.2423   31.0000    4.5514    1.2196
   32.0000    4.4510    1.1926   33.0000    4.3351    1.1616
   34.0000    4.2037    1.1264   35.0000    4.0569    1.0870
   36.0000    3.8946    1.0436   37.0000    3.7169    0.9959
   38.0000    3.5237    0.9442   39.0000    3.3151    0.8883
   40.0000    3.0910    0.8282   41.0000    2.8514    0.7640
   42.0000    2.5964    0.6957   43.0000    2.3259    0.6232
   44.0000    2.0400    0.5466   45.0000    1.7387    0.4659
   46.0000    1.4218    0.3810   47.0000    1.0896    0.2919
   48.0000    0.7418    0.1988   49.0000    0.3786    0.1015
   50.0000    0.0000    0.0000
    0.0000    0.0000    0.0000    1.0000    0.3395    0.1960
    2.0000    0.6651    0.3840    3.0000    0.9769    0.5640
    4.0000    1.2748    0.7360    5.0000    1.5588    0.9000
    6.0000    1.8290    1.0560    7.0000    2.0854    1.2040
    8.0000    2.3279    1.3440    9.0000    2.5565    1.4760
   10.0000    2.7713    1.6000   11.0000    2.9722    1.7160
   12.0000    3.1593    1.8240   13.0000    3.3325    1.9240
   14.0000    3.4918    2.0160   15.0000    3.6373    2.1000
   16.0000    3.7689    2.1760   17.0000    3.8867    2.2440
   18.0000    3.9906    2.3040   19.0000    4.0807    2.3560
   20.0000    4.1569    2.4000   21.0000    4.2193    2.4360
   22.0000    4.2678    2.4640   23.0000    4.3024    2.4840
   24.0000    4.3232    2.4960   25.0000    4.3301    2.5000
   26.0000    4.3232    2.4960   27.0000    4.3024    2.4840
   28.0000    4.2678    2.4640   29.0000    4.2193    2.4360
   30.0000    4.1569    2.4000   31.0000    4.0807    2.3560
   32.0000    3.9906    2.3040   33.0000    3.8867    2.2440
   34.0000    3.7689    2.1760   35.0000    3.6373    2.1000
   36.0000    3.4918    2.0160   37.0000    3.3325    1.9240
   38.0000    3.1593    1.8240   39.0000    2.9722    1.7160
   40.0000    2.7713    1.6000   41.0000    2.5565    1.4760
   42.0000    2.3279    1.3440   43.0000    2.0854    1.2040
   44.0000    1.8290    1.0560   45.0000    1.5588    0.9000
   46.0000    1.2748    0.7360   47.0000    0.9769    0.5640
   48.0000    0.6651    0.3840   49.0000    0.3395    0.1960
   50.0000    0.0000    0.0000
    0.0000    0.0000    0.0000    1.0000    0.2772    0.2772
    2.0000    0.5431    0.5431    3.0000    0.7976    0.7976
    4.0000    1.0409    1.0409    5.0000    1.2728    1.2728
    6.0000    1.4934    1.4934    7.0000    1.7027    1.7027
    8.0000    1.9007    1.9007    9.0000    2.0874    2.0874
   10.0000    2.2627    2.2627   11.0000    2.4268    2.4268
   12.0000    2.5795    2.5795   13.0000    2.7209    2.7209
   14.0000    2.8511    2.8511   15.0000    2.9698    2.9698
   16.0000    3.0773    3.0773   17.0000    3.1735    3.1735
   18.0000    3.2583    3.2583   19.0000    3.3319    3.3319
   20.0000    3.3941    3.3941   21.0000    3.4450    3.4450
   22.0000    3.4846    3.4846   23.0000    3.5129    3.5129
   24.0000    3.5299    3.5299   25.0000    3.5355    3.5355
   26.0000    3.5299    3.5299   27.0000    3.5129    3.5129
   28.0000    3.4846    3.4846   29.0000    3.4450    3.4450
   30.0000    3.3941    3.3941   31.0000    3.3319    3.3319
   32.0000    3.2583    3.2583   33.0000    3.1735    3.1735
   34.0000    3.0773    3.0773   35.0000    2.9698    2.9698
   36.0000    2.8511    2.8511   37.0000    2.7209    2.7209
   38.0000    2.5795    2.5795   39.0000    2.4268    2.4268
   40.0000    2.2627    2.2627   41.0000    2.0874    2.0874
   42.0000    1.9007    1.9007   43.0000    1.7027    1.7027
   44.0000    1.4934    1.4934   45.0000    1.2728    1.2728
   46.0000    1.0409    1.0409   47.0000    0.7976    0.7976
   48.0000    0.5431    0.5431   49.0000    0.2772    0.2772
   50.0000    0.0000    0.0000
    0.0000    0.0000    0.0000    1.0000    0.1960    0.3395
    2.0000    0.3840    0.6651    3.0000    0.5640    0.9769
    4.0000    0.7360    1.2748    5.0000    0.9000    1.5588
    6.0000    1.0560    1.8290    7.0000    1.2040    2.0854
    8.0000    1.3440    2.3279    9.0000    1.4760    2.5565
   10.0000    1.6000    2.7713   11.0000    1.7160    2.9722
   12.0000    1.8240    3.1593   13.0000    1.9240    3.3325
   14.0000    2.0160    3.4918   15.0000    2.1000    3.6373
   16.0000    2.1760    3.7689   17.0000    2.2440    3.8867
   18.0000    2.3040    3.9906   19.0000    2.3560    4.0807
   20.0000    2.4000    4.1569   21.0000    2.4360    4.2193
   22.0000    2.4640    4.2678   23.0000    2.4840    4.3024
   24.0000    2.4960    4.3232   25.0000    2.5000    4.3301
   26.0000    2.4960    4.3232   27.0000    2.4840    4.3024
   28.0000    2.4640    4.2678   29.0000    2.4360    4.2193
   30.0000    2.4000    4.1569   31.0000    2.3560    4.0807
   32.0000    2.3040    3.9906   33.0000    2.2440    3.8867
   34.0000    2.1760    3.7689   35.0000    2.1000    3.6373
   36.0000    2.0160    3.4918   37.0000    1.9240    3.3325
   38.0000    1.8240    3.1593   39.0000    1.7160    2.9722
   40.0000    1.6000    2.7713   41.0000    1.4760    2.5565
   42.0000    1.3440    2.3279   43.0000    1.2040    2.0854
   44.0000    1.0560    1.8290   45.0000    0.9000    1.5588
   46.0000    0.7360    1.2748   47.0000    0.5640    0.9769
   48.0000    0.3840    0.6651   49.0000    0.1960    0.3395
   50.0000    0.0000    0.0000
    0.0000    0.0000    0.0000    1.0000    0.1015    0.3786
    2.0000    0.1988    0.7418    3.0000    0.2919    1.0896
    4.0000    0.3810    1.4218    5.0000    0.4659    1.7387
    6.0000    0.5466    2.0400    7.0000    0.6232    2.3259
    8.0000    0.6957    2.5964    9.0000    0.7640    2.8514
   10.0000    0.8282    3.0910   11.0000    0.8883    3.3151
   12.0000    0.9442    3.5237   13.0000    0.9959    3.7169
   14.0000    1.0436    3.8946   15.0000    1.0870    4.0569
   16.0000    1.1264    4.2037   17.0000    1.1616    4.3351
   18.0000    1.1926    4.4510   19.0000    1.2196    4.5514
   20.0000    1.2423    4.6364   21.0000    1.2610    4.7060
   22.0000    1.2755    4.7601   23.0000    1.2858    4.7987
   24.0000    1.2920    4.8219   25.0000    1.2941    4.8296
   26.0000    1.2920    4.8219   27.0000    1.2858    4.7987
   28.0000    1.2755    4.7601   29.0000    1.2610    4.7060
   30.0000    1.2423    4.6364   31.0000    1.2196    4.5514
   32.0000    1.1926    4.4510   33.0000    1.1616    4.3351
   34.0000    1.1264    4.2037   35.0000    1.0870    4.0569
   36.0000    1.0436    3.8946   37.0000    0.9959    3.7169
   38.0000    0.9442    3.5237   39.0000    0.8883    3.3151
   40.0000    0.8282    3.0910   41.0000    0.7640    2.8514
   42.0000    0.6957    2.5964   43.0000    0.6232    2.3259
   44.0000    0.5466    2.0400   45.0000    0.4659    1.7387
   46.0000    0.3810    1.4218   47.0000    0.2919    1.0896
   48.0000    0.1988    0.7418   49.0000    0.1015    0.3786
   50.0000    0.0000    0.0000
    0.0000    0.0000    0.0000    1.0000    0.0000    0.3920
    2.0000    0.0000    0.7680    3.0000    0.0000    1.1280
    4.0000    0.0000    1.4720    5.0000    0.0000    1.8000
    6.0000    0.0000    2.1120    7.0000    0.0000    2.4080
    8.0000    0.0000    2.6880    9.0000    0.0000    2.9520
   10.0000    0.0000    3.2000   11.0000    0.0000    3.4320
   12.0000    0.0000    3.6480   13.0000    0.0000    3.8480
   14.0000    0.0000    4.0320   15.0000    0.0000    4.2000
   16.0000    0.0000    4.3520   17.0000    0.0000    4.4880
   18.0000    0.0000    4.6080   19.0000    0.0000    4.7120
   20.0000    0.0000    4.8000   21.0000    0.0000    4.8720
   22.0000    0.0000    4.9280   23.0000    0.0000    4.9680
   24.0000    0.0000    4.9920   25.0000    0.0000    5.0000
   26.0000    0.0000    4.9920   27.0000    0.0000    4.9680
   28.0000    0.0000    4.9280   29.0000    0.0000    4.8720
   30.0000    0.0000    4.8000   31.0000    0.0000    4.7120
   32.0000    0.0000    4.6080   33.0000    0.0000    4.4880
   34.0000    0.0000    4.3520   35.0000    0.0000    4.2000
   36.0000    0.0000    4.0320   37.0000    0.0000    3.8480
   38.0000    0.0000    3.6480   39.0000    0.0000    3.4320
   40.0000    0.0000    3.2000   41.0000    0.0000    2.9520
   42.0000    0.0000    2.6880   43.0000    0.0000    2.4080
   44.0000    0.0000    2.1120   45.0000    0.0000    1.8000
   46.0000    0.0000    1.4720   47.0000    0.0000    1.1280
   48.0000    0.0000    0.7680   49.0000    0.0000    0.3920
   50.0000    0.0000    0.0000
  11.00000  11.00000                                                  akl       
   20.0000    4.8000    0.0000   21.0000    4.8720    0.0000
   22.0000    4.9280    0.0000   23.0000    4.9680    0.0000
   24.0000    4.9920    0.0000   25.0000    5.0000    0.0000
   26.0000    4.9920    0.0000   27.0000    4.9680    0.0000
   28.0000    4.9280    0.0000   29.0000    4.8720    0.0000
   30.0000    4.8000    0.0000
   20.3000    5.5000    0.0000   21.3000    5.5000    0.0000
   22.3000    5.5000    0.0000   23.3000    5.5000    0.0000
   24.3000    5.5000    0.0000   25.3000    5.5000    0.0000
   26.3000    5.5000    0.0000   27.3000    5.5000    0.0000
   28.3000    5.5000    0.0000   29.3000    5.5000    0.0000
   30.3000    5.5000    0.0000
   20.6000    6.0000    0.0000   21.6000    6.0000    0.0000
   22.6000    6.0000    0.0000   23.6000    6.0000    0.0000
   24.6000    6.0000    0.0000   25.6000    6.0000    0.0000
   26.6000    6.0000    0.0000   27.6000    6.0000    0.0000
   28.6000    6.0000    0.0000   29.6000    6.0000    0.0000
   30.6000    6.0000    0.0000
   20.9000    6.5000    0.0000   21.9000    6.5000    0.0000
   22.9000    6.5000    0.0000   23.9000    6.5000    0.0000
   24.9000    6.5000    0.0000   25.9000    6.5000    0.0000
   26.9000    6.5000    0.0000   27.9000    6.5000    0.0000
   28.9000    6.5000    0.0000   29.9000    6.5000    0.0000
   30.9000    6.5000    0.0000
   21.2000    7.0000    0.0000   22.2000    7.0000    0.0000
   23.2000    7.0000    0.0000   24.2000    7.0000    0.0000
   25.2000    7.0000    0.0000   26.2000    7.0000    0.0000
   27.2000    7.0000    0.0000   28.2000    7.0000    0.0000
   29.2000    7.0000    0.0000   30.2000    7.0000    0.0000
   31.2000    7.0000    0.0000
   21.5000    7.5000    0.0000   22.5000    7.5000    0.0000
   23.5000    7.5000    0.0000   24.5000    7.5000    0.0000
   25.5000    7.5000    0.0000   26.5000    7.5000    0.0000
   27.5000    7.5000    0.0000   28.5000    7.5000    0.0000
   29.5000    7.5000    0.0000   30.5000    7.5000    0.0000
   31.5000    7.5000    0.0000
   21.8000    8.0000    0.0000   22.8000    8.0000    0.0000
   23.8000    8.0000    0.0000   24.8000    8.0000    0.0000
   25.8000    8.0000    0.0000   26.8000    8.0000    0.0000
   27.8000    8.0000    0.0000   28.8000    8.0000    0.0000
   29.8000    8.0000    0.0000   30.8000    8.0000    0.0000
   31.8000    8.0000    0.0000
   22.1000    8.5000    0.0000   23.1000    8.5000    0.0000
   24.1000    8.5000    0.0000   25.1000    8.5000    0.0000
   26.1000    8.5000    0.0000   27.1000    8.5000    0.0000
   28.1000    8.5000    0.0000   29.1000    8.5000    0.0000
   30.1000    8.5000    0.0000   31.1000    8.5000    0.0000
   32.1000    8.5000    0.0000
   22.4000    9.0000    0.0000   23.4000    9.0000    0.0000
   24.4000    9.0000    0.0000   25.4000    9.0000    0.0000
   26.4000    9.0000    0.0000   27.4000    9.0000    0.0000
   28.4000    9.0000    0.0000   29.4000    9.0000    0.0000
   30.4000    9.0000    0.0000   31.4000    9.0000    0.0000
   32.4000    9.0000    0.0000
   22.7000    9.5000    0.0000   23.7000    9.5000    0.0000
   24.7000    9.5000    0.0000   25.7000    9.5000    0.0000
   26.7000    9.5000    0.0000   27.7000    9.5000    0.0000
   28.7000    9.5000    0.0000   29.7000    9.5000    0.0000
   30.7000    9.5000    0.0000   31.7000    9.5000    0.0000
   32.7000    9.5000    0.0000
   23.0000   10.0000    0.0000   24.0000   10.0000    0.0000
   25.0000   10.0000    0.0000   26.0000   10.0000    0.0000
   27.0000   10.0000    0.0000   28.0000   10.0000    0.0000
   29.0000   10.0000    0.0000   30.0000   10.0000    0.0000
   31.0000   10.0000    0.0000   32.0000   10.0000    0.0000
   33.0000   10.0000    0.0000
  41.00000  11.00000                                                  a2        
   30.0000    4.8000    0.0000   31.0000    4.7120    0.0000
   32.0000    4.6080    0.0000   33.0000    4.4880    0.0000
   34.0000    4.3520    0.0000   35.0000    4.2000    0.0000
   36.0000    4.0320    0.0000   37.0000    3.8480    0.0000
   38.0000    3.6480    0.0000   39.0000    3.4320    0.0000
   40.0000    3.2000    0.0000   41.0000    2.9520    0.0000
   42.0000    2.6880    0.0000   43.0000    2.4080    0.0000
   44.0000    2.1120    0.0000   45.0000    1.8000    0.0000
   46.0000    1.4720    0.0000   47.0000    1.1280    0.0000
   48.0000    0.7680    0.0000   49.0000    0.3920    0.0000
   50.0000    0.0000    0.0000   51.0000    0.0000    0.0000
   52.0000    0.0000    0.0000   53.0000    0.0000    0.0000
   54.0000    0.0000    0.0000   55.0000    0.0000    0.0000
   56.0000    0.0000    0.0000   57.0000    0.0000    0.0000
   58.0000    0.0000    0.0000   59.0000    0.0000    0.0000
   60.0000    0.0000    0.0000   61.0000    0.0000    0.0000
   62.0000    0.0000    0.0000   63.0000    0.0000    0.0000
   64.0000    0.0000    0.0000   65.0000    0.0000    0.0000
   66.0000    0.0000    0.0000   67.0000    0.0000    0.0000
   68.0000    0.0000    0.0000   69.0000    0.0000    0.0000
   70.0000    0.0000    0.0000
   30.3000    5.5000    0.0000   31.2925    5.2408    0.0000
   32.2850    5.1472    0.0000   33.2775    5.0392    0.0000
   34.2700    4.9168    0.0000   35.2625    4.7800    0.0000
   36.2550    4.6288    0.0000   37.2475    4.4632    0.0000
   38.2400    4.2832    0.0000   39.2325    4.0888    0.0000
   40.2250    3.8800    0.0000   41.2175    3.6568    0.0000
   42.2100    3.4192    0.0000   43.2025    3.1672    0.0000
   44.1950    2.9008    0.0000   45.1875    2.6200    0.0000
   46.1800    2.3248    0.0000   47.1725    2.0152    0.0000
   48.1650    1.6912    0.0000   49.1575    1.3528    0.0000
   50.1500    1.0000    0.0000   51.1425    1.0000    0.0000
   52.1350    1.0000    0.0000   53.1275    1.0000    0.0000
   54.1200    1.0000    0.0000   55.1125    1.0000    0.0000
   56.1050    1.0000    0.0000   57.0975    1.0000    0.0000
   58.0900    1.0000    0.0000   59.0825    1.0000    0.0000
   60.0750    1.0000    0.0000   61.0675    1.0000    0.0000
   62.0600    1.0000    0.0000   63.0525    1.0000    0.0000
   64.0450    1.0000    0.0000   65.0375    1.0000    0.0000
   66.0300    1.0000    0.0000   67.0225    1.0000    0.0000
   68.0150    1.0000    0.0000   69.0075    1.0000    0.0000
   70.0000    1.0000    0.0000
   30.6000    6.0000    0.0000   31.5850    5.7696    0.0000
   32.5700    5.6864    0.0000   33.5550    5.5904    0.0000
   34.5400    5.4816    0.0000   35.5250    5.3600    0.0000
   36.5100    5.2256    0.0000   37.4950    5.0784    0.0000
   38.4800    4.9184    0.0000   39.4650    4.7456    0.0000
   40.4500    4.5600    0.0000   41.4350    4.3616    0.0000
   42.4200    4.1504    0.0000   43.4050    3.9264    0.0000
   44.3900    3.6896    0.0000   45.3750    3.4400    0.0000
   46.3600    3.1776    0.0000   47.3450    2.9024    0.0000
   48.3300    2.6144    0.0000   49.3150    2.3136    0.0000
   50.3000    2.0000    0.0000   51.2850    2.0000    0.0000
   52.2700    2.0000    0.0000   53.2550    2.0000    0.0000
   54.2400    2.0000    0.0000   55.2250    2.0000    0.0000
   56.2100    2.0000    0.0000   57.1950    2.0000    0.0000
   58.1800    2.0000    0.0000   59.1650    2.0000    0.0000
   60.1500    2.0000    0.0000   61.1350    2.0000    0.0000
   62.1200    2.0000    0.0000   63.1050    2.0000    0.0000
   64.0900    2.0000    0.0000   65.0750    2.0000    0.0000
   66.0600    2.0000    0.0000   67.0450    2.0000    0.0000
   68.0300    2.0000    0.0000   69.0150    2.0000    0.0000
   70.0000    2.0000    0.0000
   30.9000    6.5000    0.0000   31.8775    6.2984    0.0000
   32.8550    6.2256    0.0000   33.8325    6.1416    0.0000
   34.8100    6.0464    0.0000   35.7875    5.9400    0.0000
   36.7650    5.8224    0.0000   37.7425    5.6936    0.0000
   38.7200    5.5536    0.0000   39.6975    5.4024    0.0000
   40.6750    5.2400    0.0000   41.6525    5.0664    0.0000
   42.6300    4.8816    0.0000   43.6075    4.6856    0.0000
   44.5850    4.4784    0.0000   45.5625    4.2600    0.0000
   46.5400    4.0304    0.0000   47.5175    3.7896    0.0000
   48.4950    3.5376    0.0000   49.4725    3.2744    0.0000
   50.4500    3.0000    0.0000   51.4275    3.0000    0.0000
   52.4050    3.0000    0.0000   53.3825    3.0000    0.0000
   54.3600    3.0000    0.0000   55.3375    3.0000    0.0000
   56.3150    3.0000    0.0000   57.2925    3.0000    0.0000
   58.2700    3.0000    0.0000   59.2475    3.0000    0.0000
   60.2250    3.0000    0.0000   61.2025    3.0000    0.0000
   62.1800    3.0000    0.0000   63.1575    3.0000    0.0000
   64.1350    3.0000    0.0000   65.1125    3.0000    0.0000
   66.0900    3.0000    0.0000   67.0675    3.0000    0.0000
   68.0450    3.0000    0.0000   69.0225    3.0000    0.0000
   70.0000    3.0000    0.0000
   31.2000    7.0000    0.0000   32.1700    6.8272    0.0000
   33.1400    6.7648    0.0000   34.1100    6.6928    0.0000
   35.0800    6.6112    0.0000   36.0500    6.5200    0.0000
   37.0200    6.4192    0.0000   37.9900    6.3088    0.0000
   38.9600    6.1888    0.0000   39.9300    6.0592    0.0000
   40.9000    5.9200    0.0000   41.8700    5.7712    0.0000
   42.8400    5.6128    0.0000   43.8100    5.4448    0.0000
   44.7800    5.2672    0.0000   45.7500    5.0800    0.0000
   46.7200    4.8832    0.0000   47.6900    4.6768    0.0000
   48.6600    4.4608    0.0000   49.6300    4.2352    0.0000
   50.6000    4.0000    0.0000   51.5700    4.0000    0.0000
   52.5400    4.0000    0.0000   53.5100    4.0000    0.0000
   54.4800    4.0000    0.0000   55.4500    4.0000    0.0000
   56.4200    4.0000    0.0000   57.3900    4.0000    0.0000
   58.3600    4.0000    0.0000   59.3300    4.0000    0.0000
   60.3000    4.0000    0.0000   61.2700    4.0000    0.0000
   62.2400    4.0000    0.0000   63.2100    4.0000    0.0000
   64.1800    4.0000    0.0000   65.1500    4.0000    0.0000
   66.1200    4.0000    0.0000   67.0900    4.0000    0.0000
   68.0600    4.0000    0.0000   69.0300    4.0000    0.0000
   70.0000    4.0000    0.0000
   31.5000    7.5000    0.0000   32.4625    7.3560    0.0000
   33.4250    7.3040    0.0000   34.3875    7.2440    0.0000
   35.3500    7.1760    0.0000   36.3125    7.1000    0.0000
   37.2750    7.0160    0.0000   38.2375    6.9240    0.0000
   39.2000    6.8240    0.0000   40.1625    6.7160    0.0000
   41.1250    6.6000    0.0000   42.0875    6.4760    0.0000
   43.0500    6.3440    0.0000   44.0125    6.2040    0.0000
   44.9750    6.0560    0.0000   45.9375    5.9000    0.0000
   46.9000    5.7360    0.0000   47.8625    5.5640    0.0000
   48.8250    5.3840    0.0000   49.7875    5.1960    0.0000
   50.7500    5.0000    0.0000   51.7125    5.0000    0.0000
   52.6750    5.0000    0.0000   53.6375    5.0000    0.0000
   54.6000    5.0000    0.0000   55.5625    5.0000    0.0000
   56.5250    5.0000    0.0000   57.4875    5.0000    0.0000
   58.4500    5.0000    0.0000   59.4125    5.0000    0.0000
   60.3750    5.0000    0.0000   61.3375    5.0000    0.0000
   62.3000    5.0000    0.0000   63.2625    5.0000    0.0000
   64.2250    5.0000    0.0000   65.1875    5.0000    0.0000
   66.1500    5.0000    0.0000   67.1125    5.0000    0.0000
   68.0750    5.0000    0.0000   69.0375    5.0000    0.0000
   70.0000    5.0000    0.0000
   31.8000    8.0000    0.0000   32.7550    7.8848    0.0000
   33.7100    7.8432    0.0000   34.6650    7.7952    0.0000
   35.6200    7.7408    0.0000   36.5750    7.6800    0.0000
   37.5300    7.6128    0.0000   38.4850    7.5392    0.0000
   39.4400    7.4592    0.0000   40.3950    7.3728    0.0000
   41.3500    7.2800    0.0000   42.3050    7.1808    0.0000
   43.2600    7.0752    0.0000   44.2150    6.9632    0.0000
   45.1700    6.8448    0.0000   46.1250    6.7200    0.0000
   47.0800    6.5888    0.0000   48.0350    6.4512    0.0000
   48.9900    6.3072    0.0000   49.9450    6.1568    0.0000
   50.9000    6.0000    0.0000   51.8550    6.0000    0.0000
   52.8100    6.0000    0.0000   53.7650    6.0000    0.0000
   54.7200    6.0000    0.0000   55.6750    6.0000    0.0000
   56.6300    6.0000    0.0000   57.5850    6.0000    0.0000
   58.5400    6.0000    0.0000   59.4950    6.0000    0.0000
   60.4500    6.0000    0.0000   61.4050    6.0000    0.0000
   62.3600    6.0000    0.0000   63.3150    6.0000    0.0000
   64.2700    6.0000    0.0000   65.2250    6.0000    0.0000
   66.1800    6.0000    0.0000   67.1350    6.0000    0.0000
   68.0900    6.0000    0.0000   69.0450    6.0000    0.0000
   70.0000    6.0000    0.0000
   32.1000    8.5000    0.0000   33.0475    8.4136    0.0000
   33.9950    8.3824    0.0000   34.9425    8.3464    0.0000
   35.8900    8.3056    0.0000   36.8375    8.2600    0.0000
   37.7850    8.2096    0.0000   38.7325    8.1544    0.0000
   39.6800    8.0944    0.0000   40.6275    8.0296    0.0000
   41.5750    7.9600    0.0000   42.5225    7.8856    0.0000
   43.4700    7.8064    0.0000   44.4175    7.7224    0.0000
   45.3650    7.6336    0.0000   46.3125    7.5400    0.0000
   47.2600    7.4416    0.0000   48.2075    7.3384    0.0000
   49.1550    7.2304    0.0000   50.1025    7.1176    0.0000
   51.0500    7.0000    0.0000   51.9975    7.0000    0.0000
   52.9450    7.0000    0.0000   53.8925    7.0000    0.0000
   54.8400    7.0000    0.0000   55.7875    7.0000    0.0000
   56.7350    7.0000    0.0000   57.6825    7.0000    0.0000
   58.6300    7.0000    0.0000   59.5775    7.0000    0.0000
   60.5250    7.0000    0.0000   61.4725    7.0000    0.0000
   62.4200    7.0000    0.0000   63.3675    7.0000    0.0000
   64.3150    7.0000    0.0000   65.2625    7.0000    0.0000
   66.2100    7.0000    0.0000   67.1575    7.0000    0.0000
   68.1050    7.0000    0.0000   69.0525    7.0000    0.0000
   70.0000    7.0000    0.0000
   32.4000    9.0000    0.0000   33.3400    8.9424    0.0000
   34.2800    8.9216    0.0000   35.2200    8.8976    0.0000
   36.1600    8.8704    0.0000   37.1000    8.8400    0.0000
   38.0400    8.8064    0.0000   38.9800    8.7696    0.0000
   39.9200    8.7296    0.0000   40.8600    8.6864    0.0000
   41.8000    8.6400    0.0000   42.7400    8.5904    0.0000
   43.6800    8.5376    0.0000   44.6200    8.4816    0.0000
   45.5600    8.4224    0.0000   46.5000    8.3600    0.0000
   47.4400    8.2944    0.0000   48.3800    8.2256    0.0000
   49.3200    8.1536    0.0000   50.2600    8.0784    0.0000
   51.2000    8.0000    0.0000   52.1400    8.0000    0.0000
   53.0800    8.0000    0.0000   54.0200    8.0000    0.0000
   54.9600    8.0000    0.0000   55.9000    8.0000    0.0000
   56.8400    8.0000    0.0000   57.7800    8.0000    0.0000
   58.7200    8.0000    0.0000   59.6600    8.0000    0.0000
   60.6000    8.0000    0.0000   61.5400    8.0000    0.0000
   62.4800    8.0000    0.0000   63.4200    8.0000    0.0000
   64.3600    8.0000    0.0000   65.3000    8.0000    0.0000
   66.2400    8.0000    0.0000   67.1800    8.0000    0.0000
   68.1200    8.0000    0.0000   69.0600    8.0000    0.0000
   70.0000    8.0000    0.0000
   32.7000    9.5000    0.0000   33.6325    9.4712    0.0000
   34.5650    9.4608    0.0000   35.4975    9.4488    0.0000
   36.4300    9.4352    0.0000   37.3625    9.4200    0.0000
   38.2950    9.4032    0.0000   39.2275    9.3848    0.0000
   40.1600    9.3648    0.0000   41.0925    9.3432    0.0000
   42.0250    9.3200    0.0000   42.9575    9.2952    0.0000
   43.8900    9.2688    0.0000   44.8225    9.2408    0.0000
   45.7550    9.2112    0.0000   46.6875    9.1800    0.0000
   47.6200    9.1472    0.0000   48.5525    9.1128    0.0000
   49.4850    9.0768    0.0000   50.4175    9.0392    0.0000
   51.3500    9.0000    0.0000   52.2825    9.0000    0.0000
   53.2150    9.0000    0.0000   54.1475    9.0000    0.0000
   55.0800    9.0000    0.0000   56.0125    9.0000    0.0000
   56.9450    9.0000    0.0000   57.8775    9.0000    0.0000
   58.8100    9.0000    0.0000   59.7425    9.0000    0.0000
   60.6750    9.0000    0.0000   61.6075    9.0000    0.0000
   62.5400    9.0000    0.0000   63.4725    9.0000    0.0000
   64.4050    9.0000    0.0000   65.3375    9.0000    0.0000
   66.2700    9.0000    0.0000   67.2025    9.0000    0.0000
   68.1350    9.0000    0.0000   69.0675    9.0000    0.0000
   70.0000    9.0000    0.0000
   33.0000   10.0000    0.0000   33.9250   10.0000    0.0000
   34.8500   10.0000    0.0000   35.7750   10.0000    0.0000
   36.7000   10.0000    0.0000   37.6250   10.0000    0.0000
   38.5500   10.0000    0.0000   39.4750   10.0000    0.0000
   40.4000   10.0000    0.0000   41.3250   10.0000    0.0000
   42.2500   10.0000    0.0000   43.1750   10.0000    0.0000
   44.1000   10.0000    0.0000   45.0250   10.0000    0.0000
   45.9500   10.0000    0.0000   46.8750   10.0000    0.0000
   47.8000   10.0000    0.0000   48.7250   10.0000    0.0000
   49.6500   10.0000    0.0000   50.5750   10.0000    0.0000
   51.5000   10.0000    0.0000   52.4250   10.0000    0.0000
   53.3500   10.0000    0.0000   54.2750   10.0000    0.0000
   55.2000   10.0000    0.0000   56.1250   10.0000    0.0000
   57.0500   10.0000    0.0000   57.9750   10.0000    0.0000
   58.9000   10.0000    0.0000   59.8250   10.0000    0.0000
   60.7500   10.0000    0.0000   61.6750   10.0000    0.0000
   62.6000   10.0000    0.0000   63.5250   10.0000    0.0000
   64.4500   10.0000    0.0000   65.3750   10.0000    0.0000
   66.3000   10.0000    0.0000   67.2250   10.0000    0.0000
   68.1500   10.0000    0.0000   69.0750   10.0000    0.0000
   70.0000   10.0000    0.0000
    2.0000    2.0000                                                  s01c1     
   30.0000    4.8000    0.0100   30.0259    4.7980    0.0096
   30.0000    4.8000    0.0100   30.0259    4.7980    0.0096
